16915  46.25  32  32
10492  34.05  56  52
10027  98.53  94  44
13926  32.94  19  65
15736  87.67  5  1
16429  31.00  58  25
15123  49.93  65  38
19802  37.89  10  20
18167  61.70  71  43
18042  22.00  5  26
14919  84.82  0  65
14324  17.58  93  86
13526  34.68  75  64
11873  88.00  7  100
17281  87.16  36  38
16327  33.56  95  46
11729  2.79  5  32
13895  19.74  72  77
13367  89.45  69  38
13750  66.23  90  27
17178  27.74  30  31
12651  62.38  86  37
15060  45.53  77  21
10012  33.54  8  37
17539  11.74  38  81
10378  73.90  54  76
12902  24.40  69  89
10756  78.77  47  24
19441  40.18  53  78
16619  20.25  50  39
18117  16.46  89  93
10675  75.13  16  97
17856  14.03  24  20
16965  18.64  98  78
18624  9.82  46  32
18829  44.53  56  60
13368  69.62  62  75
18149  90.32  40  11
12245  9.15  100  95
13555  38.42  31  82
18228  66.12  67  56
11500  40.96  72  64
14914  31.96  81  18
16491  62.19  63  2
11936  38.08  64  91
19228  20.18  97  70
16121  74.96  39  97
11237  21.38  21  70
14428  82.13  76  54
19529  84.14  57  47
15763  4.66  31  38
16840  33.98  21  61
10688  56.19  41  86
16996  94.76  58  37
12183  35.46  73  97
16725  1.14  90  60
18139  30.59  49  31
18082  48.99  76  73
19507  68.96  16  73
18611  74.29  67  4
-1
